2917
8110
5192
484
256
3171
7902
7934
7258
3815
8023
3559
5622
10000
4827
422
1281
3437
2204
3014
142
3851
6244
9958
504
7467
1798
4844
3705
5220
8872
1096
3035
3754
1282
7767
1585
6263
3836
1807
8509
2803
5604
5277
1371
225
3847
8764
582
6531
6538
9213
7022
7495
1861
903
123
7705
3748
2957
9165
6061
8143
3661
5406
9362
8036
9077
6171
9635
7252
7502
4616
3915
6980
4135
2952
5159
6666
3288
9400
5873
7139
3327
3372
7407
9329
3009
8060
320
4281
3526
2239
8762
7325
4769
6888
2129
161
7826
3395
1639
6551
3964
2108
795
1214
3096
5246
5722
5420
3879
9204
6787
9117
4289
6646
3621
8250
4151
7831
260
6348
2227
1285
7030
7988
2773
1700
718
1731
8909
9468
1731
3570
1657
6699
1587
974
7658
4392
9263
3935
930
5386
1003
8367
2084
1319
2797
6124
6429
6648
7098
2127
2807
6256
4892
980
4438
8383
1284
2216
2365
602
7042
1123
4625
9990
2605
4027
3066
7869
6361
8250
8277
2713
7439
3293
9060
2057
7757
995
6978
9784
6818
4075
2257
7129
1418
7965
8686
5666
9899
8682
9889
3361
4556
5459
2215
5323
7729
1546
332
825
2925
1461
4017
4440
8663
7555
1432
4784
9612
6915
2686
4649
5859
8516
2842
5087
3677
6824
8497
7041
2303
157
2285
3405
1296
2386
9306
9474
5526
9428
4012
1954
9746
5129
7284
2989
2289
8710
5685
9798
748
8383
4797
8995
555
7057
2520
6601
3318
447
1557
9766
8566
2006
4797
310
2410
4750
383
6557
4233
4416
2229
9953
2182
6814
5589
6389
1270
3125
4973
1977
2271
8208
4428
7739
9430
3633
9656
3850
5752
5696
2218
7724
3191
117
9085
4346
1475
9208
9942
2683
844
9248
9931
1723
4983
5633
8280
6893
9776
7993
4376
3572
721
730
4485
6257
5966
6336
2766
2463
7053
7291
8855
5567
7861
2922
8478
7492
9265
6652
3977
5570
2449
4592
1047
5849
2654
6734
8783
8787
9585
7371
9866
1768
4382
9884
7028
9243
4287
4431
551
5445
7612
2664
4594
6146
7350
5739
6384
3770
3001
4816
5599
9403
515
6354
5956
9638
9807
6903
9033
9466
3901
7802
1251
659
6719
6589
2382
1351
7611
7303
1914
1584
437
787
6278
4317
1599
1555
2570
9038
1507
5999
2754
845
2143
557
2191
4670
8776
9420
5063
8424
4956
1666
8183
9496
9997
8313
9681
8878
685
4314
3868
9878
6989
5071
1342
8752
8614
6973
4494
6965
9392
5436
4259
5045
1598
8983
2782
7552
4109
4703
472
1253
6202
861
778
9427
4629
3344
2712
4290
4195
5505
4523
1475
1999
4909
19
6361
4632
8554
2413
2108
1571
1704
2253
3792
6366
6020
6125
411
9368
7843
8324
1387
6712
2147
8507
33
1823
7200
1031
4838
6768
1230
7286
1210
6139
8108
4184
335
3292
9014
6517
6899
5763
9117
1392
5220
1896
5446
9139
8295
5802
784
7704
1474
9548
4636
2623
3824
7438
7563
6598
5951
315
5556
9628
8122
9367
7116
594
1181
3872
7751
4389
5453
2268
5326
4505
9979
9337
266
8499
2465
4106
4081
2636
2076
1821
8066
3784
3782
8151
1773
565
8426
7060
2469
3214
2988
5633
2911
3827
4791
3655
3134
1691
5066
1410
4014
6832
6021
9627
3255
2026
8099
4882
6301
3767
7374
7950
6429
5033
8834
3862
5077
387
1405
3960
4217
1815
601
3604
5855
1668
7655
3570
1022
5301
6982
1497
631
6796
7319
5618
298
4140
446
9191
407
2001
9819
2587
2261
9850
7442
1473
8746
1929
1624
539
8159
7402
1524
1784
3192
3770
4834
5232
2283
9253
2543
7321
5441
3332
9634
2492
4265
8468
8209
2061
5189
8915
3423
7908
3690
7535
5109
7844
9249
2863
2104
5004
2645
3346
5863
4167
6583
2327
330
9611
1110
3666
2853
4669
6251
9147
9204
4828
3854
148
6037
8072
6972
1105
6419
5272
9238
7250
7792
8629
8033
9900
8051
4202
9550
7589
5734
661
9477
4432
4689
9102
2996
7506
9189
6292
2855
8234
9442
6184
2919
9426
8650
1501
3632
4824
9964
8601
8841
1643
5752
6389
4110
4611
7800
3363
3010
210
7012
3858
8277
4192
6557
8989
4797
7251
9475
2505
8843
8361
3865
4265
1023
2862
1367
1245
7669
4222
5580
4657
3979
2360
5218
8897
2002
809
8081
978
9706
2924
5939
7555
1827
9850
963
9683
8019
6270
3941
4117
1013
9087
8461
3298
6202
9586
5525
9793
8347
2599
6980
4943
9542
1988
4828
3304
5565
2325
490
3385
1450
4520
7026
4360
1255
5153
4711
5265
4414
6371
3888
4643
8330
1820
2355
7944
8514
1942
3933
1870
5074
8220
725
9480
7052
7792
360
6497
3422
7346
4062
5273
4154
7339
6511
7635
5511
9593
3770
6415
5213
3410
9701
8986
3283
833
3178
4043
4997
9143
4432
9076
6319
8504
3573
7628
3918
5047
5781
9480
9289
9480
6097
2311
4965
4834
8755
1876
8402
4770
9750
2458
7403
2702
4062
618
2913
8146
1804
6732
7085
2424
1919
1267
3427
3310
2870
5984
3027
1034
5871
2750
7678
640
3949
336
329
9345
9290
9167
6424
8527
6093
5476
8884
9459
7149
210
5092
8828
3490
9937
8386
2742
4928
1051
6106
626
9815
7622
1748
6388
7046
8119
4868
1189
8141
6771
4849
5003
1635
8673
1640
7407
5274
3259
7945
9200
4112
710
8452
9981
8364
265
7731
1577
5598
3292
6033
6316
2397
8913
6806
3658
2259
6637
2072
2334
9213
1355
1488
5081
6533
8681
2143
1355
6714
2347
4680
809
2010
68
6246
2556
2048
8378
6900
9674
2613
6708
4733
4693
2778
941
5141
4698
2096
8915
946
1626
1260
4930
7098
3535
3491
9436
5077
8645
8071
3418
2281
6446
4812
3107
1401
5523
4865
7487
106
1384
9938
1754
1261
8953
7322
2556
7175
8264
9174
1654
1535
6764
4017
1336
5094
1469
7500
8721
2013
9083
7373
2046
3484
1909
9708
1918
6803
2358
818
2831
3380
7834
861
3956
2086
3313
5445
7826
2394
7312
8381
3603
6217
5854
3258
592
4494
5120
521
7030
9075
7639
959
8737
8757
3394
2405
3182
2684
7497
9694
4294
9939
5352
8594
5221
4159
1480
6685
9934
9194
9829
3333
5358
6026
5389
118
8672
5697
8171
3377
9930
4426
4119
9346
1108
868
9882
2667
2869
7786
883
3236
20
7262
6379
2006
3944
9154
5551
9184
3144
8915
1507
832
7492
8393
620
9476
4100
5025
5567
143
5639
5852
9580
7261
789
8554
9663
335
2395
879
9633
9942
1247
1725
3475
9229
1255
8904
4531
1159
5688
8422
964
6002
9903
6250
5
5903
1998
4477
7378
2630
5123
2480
6486
239
6355
7586
2363
1531
3365
1137
7380
5718
761
6752
3424
3714
8568
4260
4998
1908
2628
6945
1692
4525
6426
4161
343
6470
6876
5406
8185
6512
5346
1839
1366
2806
4868
7027
2013
6392
7839
9878
2970
6016
6167
1482
6116
2966
1427
8177
7121
6785
2874
6257
2445
5645
5476
5292
8936
9285
9512
8328
2262
712
7636
5061
2112
2265
7096
6572
5220
3474
8506
6212
1085
4549
3952
6567
6924
7418
9304
9693
6603
6452
3333
1396
6879
6416
1188
3550
4652
8759
6188
7817
1380
3483
5832
1354
6282
3526
4154
1997
2414
855
9693
7481
7093
1506
4041
2981
4720
384
6127
3803
7787
8553
2586
1108
5517
3773
7314
657
9174
7385
414
8855
2192
8441
8364
5673
7987
799
8294
770
7989
4959
1219
9379
8193
3044
7464
1440
6030
5019
8410
6609
8765
3813
8997
392
9772
2797
6425
6733
810
8573
9037
8041
3999
3211
1623
3564
2125
8062
2229
6412
4712
3253
8312
4602
5940
4652
5115
9649
8897
5197
2370
5690
4322
7454
9360
1760
7446
7348
7938
8272
9288
4174
6052
2299
3523
2826
6500
2637
1048
2777
5594
974
6233
7313
3331
1715
2691
9167
1471
5667
2807
2282
7534
1053
8795
138
2677
4818
8914
322
139
1276
1896
4494
5353
8712
2514
418
5695
4102
1701
5399
3441
1975
9058
3020
5495
85
1208
8577
8445
7612
5911
9617
2911
2081
9218
3655
4040
7649
2519
6214
6210
6960
6035
1951
1122
812
5349
5994
7506
5885
3531
8633
1860
1107
5165
5600
9928
5017
2909
9441
455
273
6000
9680
6259
2698
2032
3042
9072
6391
380
981
9459
2962
8171
5731
3136
9349
7695
8509
1068
2451
5264
7364
9053
6232
4974
4073
1862
5265
8768
9456
4173
9891
8191
6348
1834
8926
5989
4443
5935
1433
2680
9787
5278
543
7523
5985
5216
7313
288
752
6402
2110
3997
4393
3026
9283
3590
5685
8583
776
7676
4511
6783
9952
5323
2072
1774
7192
8143
997
3795
8083
2189
2549
9442
6143
1705
1044
1976
3463
2840
9437
3249
3848
6671
778
3100
4550
3058
7
8351
1774
7788
3741
5559
4202
6723
2320
900
6170
78
6880
666
3878
3871
1863
158
7457
2132
3865
9801
5181
2178
920
2369
3824
1263
4865
1887
2323
6514
4384
532
7096
3282
2572
9372
1300
1
8004
6830
5161
174
2625
8135
1771
1598
3043
693
5663
5887
4971
9260
2835
3317
2867
5530
5567
7301
1008
1087
8953
952
6685
846
8743
1508
7336
8961
3052
7910
9523
3437
3313
9724
1529
4233
3040
5567
4581
9775
9418
4762
1132
7133
9184
2578
3011
3507
1289
3305
1167
8857
973
1061
1448
7988
2760
340
4442
530
1254
2564
8979
7858
8558
23
8993
5705
145
1904
8929
907
1772
9712
9463
6270
3012
3241
3705
389
6033
5883
3917
5797
7122
7097
2706
4552
3240
3452
7393
6550
5153
4442
8668
5495
8203
5233
3700
8288
8393
3615
8363
6517
5494
747
3759
4489
8889
4632
1976
2882
2014
3011
3867
1801
1940
2888
9760
5804
9749
5014
1387
197
9673
1650
8028
9798
5420
8429
2749
2071
1181
3111
851
8269
5747
9719
2591
8006
9928
9166
3474
2721
2
5965
5405
4574
4960
2086
833
5671
4996
3624
3045
6143
3998
2387
4716
6387
6089
7957
1943
8606
3341
3263
4775
2732
4464
551
2462
3226
6400
5000
4456
9139
2984
4764
5956
734
907
2419
3622
509
9999
223
4072
8690
6152
3510
9475
8378
9342
8130
6920
3153
2692
1484
8714
8014
6046
2226
4219
686
1935
2584
7216
8358
5802
5591
7422
3816
1904
6520
5305
6287
2992
7396
6517
6247
7950
9532
7525
266
7141
1907
8360
9850
7023
3233
7219
5114
3979
6030
1295
6767
4035
7138
8868
655
3816
8123
7301
8133
3334
6149
8235
8598
8156
338
6021
4847
9742
6990
2345
8736
8327
7678
1950
5497
155
8591
5732
1416
8785
4143
2173
752
8810
2236
5693
7215
9835
128
4844
2296
8385
4791
2045
4050
9989
9463
8673
3485
3079
1805
4440
3789
8949
4920
4409
891
3780
1590
3770
3316
1381
9416
9010
2475
1415
6898
6634
8012
5209
6195
3814
7270
8865
5891
8584
8216
7119
428
6409
9787
5708
4343
7958
3801
5702
195
106
8942
6830
2217
3677
1222
6735
5700
8155
5652
1812
3790
9878
4219
1349
836
2071
8072
5657
362
7503
2152
4164
8156
6536
7075
5499
7572
4144
8469
7263
3626
1767
6770
4067
8667
7830
1279
1137
1615
2006
794
116
3878
5428
8583
6959
7924
8259
3231
5452
42
163
6897
6298
8226
951
5580
7201
7186
8823
5545
7620
1514
4535
5638
4493
5869
1217
8754
323
531
3705
7845
2286
6126
8803
7067
3217
6358
1520
915
2363
5802
3299
1810
1130
3264
8324
7077
2846
9041
372
3947
431
4655
3315
2748
2976
315
5319
3054
4672
5568
9709
572
3412
2781
610
3399
9069
5783
7302
3441
3002
5387
8160
5636
3738
5800
6733
4655
3409
1046
3524
3981
90
5850
3032
5281
4989
225
754
256
6195
4102
3326
3962
5883
14
3541
6377
9149
5836
7141
1444
2116
401
3313
991
2023
7420
1897
9557
176
3132
1814
874
7604
8002
4087
4307
8332
7314
4134
3240
8306
7361
4648
6366
3263
8014
7100
6175
3950
8125
3683
7457
1196
5520
9520
7458
2337
9343
381
3991
6037
3647
5611
8453
8066
7747
8610
5265
4085
2914
4282
272
3026
6134
3014
7169
1565
7863
1718
7334
7595
4094
2579
2253
6194
6519
7880
2722
1019
9515
8771
9116
6252
6930
1823
6722
3129
3523
4688
5300
135
9793
9556
6661
8112
1977
3828
7031
4810
5747
40
2621
4017
4691
7533
5059
7777
6078
4235
1527
6966
8176
1628
7457
3919
1044
4665
9199
4555
4735
7353
5754
4606
3375
8616
1887
8289
4517
8920
2282
3376
9066
9060
7475
1662
8012
7205
5050
7413
8135
7299
8366
5839
4013
3266
8034
3229
5734
3562
2161
4629
2942
769
7374
8292
26
6672
9536
7435
6267
7881
3229
3347
8113
5093
2514
9193
7976
3291
3174
6567
5408
8739
3020
178
8411
397
2264
4948
2539
1482
1367
9609
6936
874
756
2305
7307
9523
3795
6874
8306
5460
5158
1919
5722
2500
4326
76
497
104
6494
444
7916
6378
2984
9374
949
879
6955
3157
7584
3746
4209
3037
1193
7121
4231
8961
2725
9236
2131
3332
6021
3143
6984
7396
6480
7844
5401
476
2447
1372
9887
9470
3337
4002
8174
1477
9856
4829
3650
3956
2810
5536
4577
980
6108
492
7955
8192
2952
2253
2407
9023
4543
2391
5296
21
100
6523
8421
2824
2233
4703
6569
9368
2595
2974
1998
3121
3863
2616
5677
4256
6588
83
9954
8939
8140
7498
1356
9487
6967
7139
6460
4011
2784
1532
6927
7963
5184
1689
5405
7169
2702
9673
4431
4130
6716
3066
6917
3836
1
1149
2714
8781
1656
2627
6309
107
9650
9895
8151
5478
4258
7460
2344
5623
6992
9358
7146
9100
8213
7689
8284
9656
2967
1475
7108
4459
475
4390
2245
1073
13
6293
6264
4669
8670
6160
4184
1267
8637
3662
8050
4695
4085
5431
1098
7461
4877
152
4543
5165
3552
351
6568
536
4871
6000
2487
8554
9920
911
6710
4688
2445
3806
4209
3543
1636
5443
2947
8157
7183
2288
860
9077
3098
8239
5442
194
2969
4160
7557
893
3249
1703
5290
3217
1613
6507
9902
6299
7108
208
3628
78
7377
4068
1465
8966
2367
5013
26
4446
4153
7894
9937
9695
3411
3443
3604
1024
4268
817
7984
8020
440
5497
200
9910
6930
2941
6778
3562
6348
8951
1568
1695
4196
3369
2580
8887
1159
9916
9629
8270
31
6266
7886
7440
7792
3613
4317
8337
8217
7994
4769
4278
5516
3629
7213
9477
2065
5576
4257
9769
4353
4214
9198
3400
3166
8751
5562
6185
7288
7958
5008
769
8033
6461
1932
2985
3401
5978
8240
1233
2215
2675
9630
532
4081
9829
4120
4335
7721
8323
3608
2871
5501
9272
3605
7719
5717
9650
8443
7919
6855
3455
8794
327
6005
8532
1420
4195
7937
7151
9363
7107
2855
1684
9733
9797
6328
2501
1486
9640
5526
7566
5798
2015
6540
3932
3281
413
3526
3104
2647
5215
794
5706
1006
5147
3769
4948
9419
8766
2445
9119
1564
1494
9653
9695
8945
8377
7982
5988
4165
5236
1129
2547
9097
1646
8229
8491
7178
7081
6341
6684
3741
4132
1318
5585
4143
1772
941
700
5918
5523
2087
2321
4908
1663
4375
4963
2312
3675
4276
9217
5827
3702
1778
5814
2988
753
3649
6328
1540
9297
9066
2895
954
4990
8285
1146
2198
4170
1176
4258
3021
5965
9042
8753
6163
7307
2431
3200
7176
9137
1934
3193
9391
7644
4432
9731
4731
3711
4170
7708
5352
2826
1557
9626
2277
3412
5812
4079
4907
88
5171
6655
6130
6569
743
751
3097
8499
969
4990
4165
2376
4503
1970
7932
2697
8523
6805
3827
6493
3277
7617
685
7830
9426
4918
8904
84
8018
4497
9286
6613
7373
7653
2431
9903
4427
9937
6109
6713
4977
1157
6938
1948
5520
5554
7815
8701
1123
9339
1676
5863
316
7571
5840
9034
6056
9109
7969
2719
2418
5408
6085
2926
5510
5624
294
4942
4643
8226
5065
5644
5720
2640
866
1890
7367
522
780
4565
3793
7117
1532
8955
4408
5771
6381
2786
9130
5954
8085
2282
9421
5925
5769
525
9088
4952
2410
5133
4462
9442
352
6523
531
3124
9487
6971
3842
4741
5430
8229
8317
4580
966
6423
5763
8437
7538
1078
1844
1200
73
5696
4908
7533
6661
7069
3185
5839
213
5689
5949
5145
8411
50
4428
4673
3058
3880
1982
5955
4957
3556
9812
1919
3721
9690
7118
7024
2841
1094
8411
8543
1536
2890
9627
8900
4439
5158
8101
7265
6211
8145
6875
548
4271
1908
3105
1288
7646
974
9004
7006
7615
322
9909
7970
6238
7634
7321
8655
8385
9897
4147
8857
4775
2227
1007
5935
5346
1035
6046
3621
7389
8953
8535
1205
9457
4775
57
3347
1851
7917
6064
7372
3733
4709
375
1256
3953
7946
2168
5726
9796
3456
887
6239
9459
4823
5576
9287
8211
1883
1947
4871
5725
2247
1873
9205
1507
6176
2174
2386
2386
9553
8590
9246
2417
9150
3549
7944
2887
2381
1646
5032
8450
8039
3136
2326
2304
1791
2889
5291
5741
3140
4726
4687
1408
9962
3308
6718
3044
5799
4260
4177
2044
8686
5394
2304
6787
2576
3495
2191
3468
5381
716
6290
6754
3422
4535
5634
2909
5845
5668
1209
7036
7725
3361
3309
4702
1901
2397
1744
4253
5976
6270
681
7391
1728
5230
6468
5642
347
567
973
705
6195
4136
5892
5373
2740
6452
8808
6962
503
4442
1040
9399
8155
6439
3235
1050
6893
5986
6180
9053
5779
206
9667
341
3217
567
6258
6697
4036
9639
8376
2631
3639
4577
2047
792
3468
7830
4861
7385
7813
1287
8340
374
9319
2577
7745
843
9984
5951
7134
6835
6753
8439
8945
5207
1735
6652
7645
3874
769
7939
1925
7955
6939
2907
5270
1079
6457
2541
7860
5050
1585
262
6258
8426
1926
2925
2128
6182
8797
6388
9248
6724
7538
7685
2348
6546
2558
3739
1228
2153
3256
280
7821
3258
3221
6807
5148
9449
297
24
9272
2781
386
4338
1987
300
548
2256
7341
9512
2539
1555
7034
7053
3689
1771
5909
5210
5402
6989
3727
9185
1065
5372
2786
7634
28
9678
4826
6832
958
1277
6687
1629
5922
4103
1628
1632
7788
5959
1050
3411
2992
5512
4515
7234
8047
830
933
8533
1117
7643
9637
8487
9766
3214
2292
1060
6649
9026
6844
2544
7102
5900
4170
6965
1542
2253
1072
8197
5550
7628
3147
7629
7938
7661
311
7517
7813
3780
148
8459
3065
1148
4455
4468
9093
5315
2110
2929
7269
7115
7463
3238
5535
8719
1320
4709
393
1463
6199
2178
2606
3122
9133
788
1643
9766
3097
5033
8086
7364
7036
8122
3252
2115
1439
7341
692
3143
886
5841
4943
5057
5126
4030
3926
1198
5627
9635
7653
4024
524
8783
8253
1747
7551
6883
3879
4853
5549
1401
9588
4345
222
2629
6623
425
7814
9128
5247
2972
7195
3304
9116
6223
1127
7965
6680
934
7028
456
3990
9082
615
2211
9108
2651
391
5906
2113
9522
6771
9795
7204
2201
7657
9100
4996
3399
2914
625
2289
707
6826
915
4160
3540
2695
3452
2847
1964
2492
3357
5822
4060
3618
6224
8300
6924
8923
2113
6921
108
7021
1356
3385
8640
9575
5093
827
75
2759
2734
9392
7093
3155
4434
6376
3297
880
4509
6807
7564
1042
1857
6572
9421
8040
3927
5902
2444
727
790
6968
6663
7485
9334
1193
6499
6587
8303
5859
7074
43
8866
5908
1855
9619
9134
532
9950
8068
7233
3838
77
5309
6344
7814
8221
5927
9163
9689
2705
3192
3750
2727
8068
7298
4615
1096
3771
3975
3241
3836
3889
5031
6300
2879
7818
6056
8077
8467
3357
1176
8780
6836
9121
9810
9502
9201
1393
3317
2838
9410
8494
9520
1344
7127
366
8103
9357
2996
9471
2044
1035
8284
5166
3822
1947
4065
7644
9220
8531
622
5340
6473
7966
2181
9980
7631
9470
9592
844
9107
8750
1197
7299
3379
7551
4654
8265
7178
6152
3287
6079
8197
9587
5394
3193
5651
2245
1010
1297
8317
7669
8470
6045
2998
2307
9652
1166
4923
8436
758
4450
70
2688
9637
8958
9837
1667
2802
8562
6764
8263
9720
1426
7010
281
2533
6198
3691
7517
2999
8315
7204
6669
496
545
3389
9087
453
7280
7086
7010
6518
2604
5383
6015
6318
1827
3492
2924
1681
9079
4088
6132
8324
7928
9476
9275
8356
3361
7287
4723
6859
4478
2646
8205
3065
3772
5620
8955
580
7726
6034
227
1423
1563
9386
4805
5964
9320
3083
1333
2017
5012
289
3350
9856
7609
2044
7158
6434
7614
7659
8726
5111
88
8383
7362
2968
125
9575
2975
8957
1675
4603
3589
862
6877
3106
4627
1465
60
6381
6386
7279
4533
5753
9405
2880
3708
7012
1426
8742
1715
3755
4788
1873
7554
9145
5587
6579
647
8240
318
8143
5083
7664
5528
1904
3306
6514
55
5539
6203
9499
9400
8603
1420
94
7128
1813
8410
6999
6803
8446
2967
1351
6649
9242
1015
1822
624
7640
8898
8059
7019
4277
8951
9133
8416
765
605
5708
2602
1313
3468
433
4852
9787
7764
3883
5655
4927
5372
2641
7660
7821
7141
6749
1919
5269
2975
1001
5536
7201
319
3343
9234
3216
9441
7197
3546
6269
2076
8032
7185
1446
7092
3278
3594
1912
3366
7686
4859
7486
8391
5632
2863
2654
7464
3133
2373
9848
7904
2870
3350
2379
9970
581
2427
7899
1306
9122
7099
4634
7693
2691
7165
9240
4081
7327
9827
9255
4857
1874
1828
5536
2962
5716
5230
1835
9997
8784
9548
1332
2812
9583
7202
9138
1673
4288
6842
5100
8448
7396
89
2893
864
2677
2376
9004
1015
7570
8925
4754
7838
7494
7490
9251
4878
983
6585
8977
3150
4748
9254
2515
4101
5746
8453
1895
3124
8684
5641
4157
1159
6870
4895
9918
5069
5999
8952
8007
2649
414
6610
7629
6168
2352
1078
5307
8752
3310
3295
7169
1635
2962
3900
457
6523
9375
1259
7889
1029
5249
3416
3055
6389
6673
4528
6004
7408
4518
9867
6872
700
8041
8669
8651
5737
3523
1433
6874
4107
9098
5284
7808
1384
1289
9102
1374
2190
2854
7381
1365
7102
8881
4598
3075
5036
983
827
9983
2997
4210
9481
7901
8665
3068
909
4092
2477
7908
503
458
2228
149
6406
2720
4044
8022
7158
6382
8996
6592
6493
2667
4638
9946
5438
7043
4696
2490
7829
7656
6740
6873
21
3493
8079
1898
6579
4633
7659
9725
6919
8081
9785
3987
8128
1843
8179
221
5088
7627
2743
9337
2234
3542
1986
7036
8477
6313
9098
1324
411
257
9896
8265
3669
4877
5058
2161
7097
5800
6150
8117
7443
807
7129
2920
7522
7889
4534
7267
9341
9706
1935
437
2222
6906
2600
2768
2941
6060
486
7759
5390
7459
1484
2093
8550
6029
3460
3533
9065
1726
1487
1122
9957
1882
8301
2238
436
3521
3988
5120
5559
3813
5404
8994
1497
121
2111
3284
4516
7228
6560
4363
8474
7981
9863
5888
9304
6522
6683
6653
7819
4341
953
4869
1479
8897
6854
559
2295
5128
7881
3860
5106
7411
2557
1884
3791
374
9692
2126
1779
1396
5532
2417
7275
4481
3818
3727
2115
7523
2306
9534
7503
3973
1221
7686
2502
8325
3944
4578
942
6818
9973
1733
2677
378
8641
1137
3615
594
384
5271
4564
3427
8553
1631
7556
1016
5146
5652
9759
1587
7480
1441
2734
4722
7387
2923
319
8573
2472
3566
4148
8801
1211
918
1605
4830
4653
3072
9107
7506
727
6495
1106
7843
7704
9677
6158
9543
2880
2006
897
4564
214
3643
1136
6951
2712
1884
8581
1470
9879
5659
804
8582
7178
9982
4362
3112
5393
8133
7762
4019
2359
7413
4612
4950
5017
5198
6062
8946
8176
1740
3387
7227
9310
1695
6350
7364
7411
3732
4227
4021
3574
8720
5633
2899
8916
960
3056
1149
7204
3986
7368
2168
7550
2640
5386
5655
2603
1498
855
7316
1085
7143
149
9591
1303
6556
4274
1252
6342
763
7251
9402
8205
5041
6118
695
5770
1661
3884
7621
1521
422
3921
5437
7466
3051
4250
4237
1093
1349
3630
9696
3403
729
5146
9662
4618
3032
7348
60
4527
1732
5767
3491
5274
2717
3655
792
5429
6870
7936
4141
3122
8238
4351
8719
5390
2170
4696
3182
5090
9534
5833
6079
2988
2160
927
4410
819
4704
4320
4023
1448
5170
7867
7069
6110
8385
853
5764
4727
4030
9344
700
4465
6280
5110
1417
3219
4512
8742
4945
474
9231
1491
1324
320
2827
9162
6809
5731
9866
1867
5970
1259
5509
7373
3528
9828
4984
3559
7144
3827
4370
4571
4411
4814
6416
5904
5068
1786
8653
7352
5529
8163
7528
4743
1030
5042
354
4721
4706
8656
2751
4854
7628
5930
4068
1704
8654
8581
9058
1794
8472
588
4379
7945
6912
2680
9043
3865
6730
4954
3404
8987
7955
6998
8141
5537
4012
4294
2455
4554
7907
4871
9699
3410
5256
8873
7875
7609
7836
3441
105
2439
5230
6949
2677
2916
6568
2537
783
4436
5648
2632
1779
1203
2673
9056
4957
1531
9797
3588
5790
4006
3193
6089
6929
2622
1571
7102
8878
9053
2253
337
6169
7788
7082
352
7602
5674
5568
4000
5630
4174
2771
1071
4648
1518
679
2914
4783
2858
3846
8069
1673
1322
1198
8847
1373
8393
7951
650
2763
4666
2066
3184
4746
1092
5710
1291
9663
7285
7751
8977
9676
3245
9467
7726
3800
996
6591
6587
8549
3879
8817
7966
2509
2748
4797
8821
861
7827
6903
2
1708
6008
819
7878
8741
6298
2365
2273
919
7769
2503
4988
8841
2934
7123
8858
9412
9913
9519
9985
7819
1172
2386
791
7676
591
2160
7093
9166
4150
6235
4936
2279
6271
6429
50
5877
4118
707
9277
8051
4782
8566
5687
5154
798
3448
1621
8525
1898
9744
9718
8558
508
6001
8355
5637
8651
5233
813
9440
5535
5790
4281
1057
5224
967
1103
5950
8291
2479
7211
3427
538
837
2537
8255
3363
8830
7687
1050
731
51
7677
9039
630
8450
3782
5531
9468
6192
6070
160
1046
6729
1258
4206
2691
1341
4111
9236
3689
7711
7847
4144
7209
3853
7822
8060
6581
3595
2431
1617
2114
3634
5641
5147
4175
3223
2702
803
918
2
1724
3252
8644
9025
6988
2152
9399
8629
9796
5223
7053
4518
1695
222
1689
3063
32
7098
4077
9264
1956
6547
7938
9298
5573
2034
218
7015
9552
3022
4608
8915
473
7919
7076
8661
4337
6338
5312
6187
3966
1906
884
3572
2381
4478
2746
4808
3414
9446
6800
8860
3846
6754
9097
4575
3818
1180
7665
2907
8288
1499
4809
6033
9820
8016
9084
9688
8291
5212
2030
785
2183
8709
1227
2643
8357
8716
5439
3198
8690
1352
5028
1356
4806
7038
1377
4471
1282
8824
2624
7093
9369
2294
418
7927
3873
4358
9291
3092
6732
5153
1376
696
6969
6474
9145
8698
2454
3261
5295
1076
7987
3856
538
7281
9114
3988
4801
2846
4960
785
4263
6757
134
3505
8814
8620
4053
1106
9911
2369
5100
6525
8775
8324
5528
3711
323
1267
5811
8051
2671
882
3639
6268
6350
5798
3095
5774
2027
7235
5256
1108
1343
1244
420
6780
3315
1582
572
6971
261
8515
7033
749
5874
9938
9430
8227
1821
7549
9571
6218
2180
760
4196
5672
2303
8073
6358
7723
2615
8610
1105
1931
5669
808
8465
7727
3856
3775
8109
3577
102
3237
1678
5784
7722
136
9892
1684
5686
8326
1278
8290
7368
2602
6317
4031
1565
2455
2790
1119
4575
6424
2037
7106
5356
1633
634
3356
6150
1084
880
5232
6943
2765
2688
2768
8547
2622
9476
1760
530
4028
8090
927
4099
4348
7944
1828
3592
9656
7394
196
8922
5308
4293
3105
1128
9190
1939
2683
2192
9598
4428
5991
3350
8811
2888
8155
2020
9685
5487
1628
3667
5022
9293
1367
2183
6276
2610
4261
9001
1155
7545
2937
2731
8465
6803
4892
7529
7678
4290
1786
8497
9413
5459
5090
4025
8494
3270
4039
9577
1999
1989
9321
4029
9436
1819
8412
5824
7270
7227
576
1090
1140
1411
6323
6400
1634
4894
3678
8840
7166
2069
1923
4237
7574
3805
8099
9638
7861
3612
8928
8265
9310
9729
4588
3908
910
3004
7592
3304
3805
8370
440
3317
2308
6558
7140
3319
2368
1260
8734
6498
7359
1464
8219
6378
8888
7606
6422
463
293
8324
8564
5715
2387
8751
7805
846
5988
8211
333
7653
4383
6834
9168
1463
9904
9940
8309
6763
5207
9803
8124
3838
63
3816
9160
2488
3285
2031
4418
5636
2805
3066
332
2757
8797
4076
3123
3556
7774
5198
8356
7725
7234
5006
4178
6236
8426
2150
6986
5306
5210
6887
2557
707
114
547
7469
1826
8558
1214
5449
8776
1911
5388
6224
1529
4902
181
202
7627
9390
2790
6459
869
5696
1225
7854
1031
9824
278
3456
4093
8276
2485
5502
6209
9613
8708
8983
722
8298
8435
8869
2607
2845
5992
1222
5513
7457
3499
2444
7135
5962
2245
2929
3924
3840
5720
379
4533
31
5990
9157
1233
7719
9912
432
2169
3734
5636
7735
1588
9711
723
1728
8285
6170
8845
6596
5425
3868
5892
467
3035
9805
2560
2054
2547
1393
6506
2211
3561
6739
1911
6390
6698
9041
2580
7217
4843
8002
7916
5209
4338
6254
1497
8112
1647
1404
3103
5409
8673
2219
9375
6244
5944
7541
6939
54
8795
5724
5866
221
4747
3691
5350
3307
3923
1837
1116
1194
313
9850
5280
5050
6553
4834
3136
8983
9007
915
5579
8950
6342
1239
3837
7089
2407
6306
6307
8068
8797
2307
5305
1142
8038
425
8348
1229
575
2421
1735
8206
7260
5176
9797
4106
1496
3381
5012
8107
9536
6977
5382
8235
8385
3968
4288
7555
6834
3049
2826
1016
9814
482
8720
1179
5891
6459
8891
300
7378
7451
7492
5130
7223
4764
1200
6548
3191
6025
3842
572
8080
8571
2892
3562
373
7286
494
8032
9874
7002
290
233
7439
163
7250
5971
8400
4742
5101
4981
238
8836
6061
171
9491
8251
4967
5932
2640
6636
6596
6197
3275
7439
4742
6323
7600
3897
7441
695
1385
7547
3442
869
4756
9529
1554
7099
926
8580
2630
7156
6522
653
9411
4968
4058
9828
8709
7148
3853
1987
3746
3561
9857
79
2599
7723
2349
145
2088
9105
2362
4235
3337
6562
9737
1399
82
602
3963
4203
801
7104
9069
3403
785
5984
5593
7518
8579
283
4670
1488
4126
1401
256
4823
7715
692
2944
8709
1810
5466
5051
7243
9
5139
955
1183
4068
6056
7426
9404
6901
2071
3988
2339
8226
7509
8409
8477
1485
2425
2667
5276
7668
4630
7821
6841
4942
7016
8735
7149
1417
1556
849
2622
5029
2162
15
9229
4297
8048
7067
9693
868
3537
4492
928
9782
5825
2102
233
1712
9862
4544
3461
9661
6077
3162
4064
6998
3015
7857
9042
5375
4853
717
378
1453
6822
7085
8936
949
5492
2958
4951
3003
1045
6062
122
2955
7901
1109
6999
4937
6515
7019
1166
5680
5313
5856
747
1495
4435
5758
9681
9314
1734
8427
1401
5428
6425
208
9152
6391
2939
9142
9814
8087
6847
4070
9067
3623
8089
8144
8313
2548
7983
202
7047
7855
8780
2158
7157
8975
4688
9725
8980
2196
6747
4230
3750
2406
7694
7188
6779
5611
4904
7760
3432
2741
1252
8338
8392
5511
2851
6160
6200
304
6497
7153
1579
9879
9478
1973
8671
2524
3273
5945
4483
8876
8310
2278
852
8572
9504
7296
6160
547
2192
7623
3150
8991
9879
2379
4934
1127
6068
138
5907
6879
7939
8529
7028
8074
2735
1852
9576
1827
1945
9407
7712
5718
4558
9635
3412
556
438
306
5312
5670
9632
2838
4684
9295
5741
3528
8625
2704
1016
2324
1480
6681
746
1454
8214
7576
7466
6157
7702
8955
7847
3376
1369
7982
6555
2672
2926
1512
1637
5899
3301
6386
4912
8105
732
6192
3981
5770
3171
3195
8018
7002
5737
6452
6847
5807
6247
3909
1551
3023
6618
60
5853
5133
8718
8037
8177
8107
1639
6008
327
1857
1777
8236
4430
7714
7330
3497
41
9793
1753
2867
4528
7651
2296
5718
4106
8575
1263
8635
693
4484
4991
1201
6266
993
9379
3675
9995
6197
2850
7729
1667
9638
4331
3743
8263
8844
2422
1505
8575
6300
5005
7730
2694
7309
5386
349
5222
7702
8410
7096
4110
7631
381
9281
9793
6803
4118
1279
8248
2435
6119
2261
436
6335
6000
5009
9663
1146
9728
5167
2689
4020
5698
3344
8449
4137
8733
68
3854
9131
4530
6911
5882
1244
4782
2867
2059
7550
7694
8846
2403
3273
6546
5642
9348
4973
3050
6543
9013
8394
9491
3319
2079
1645
2262
7737
1778
9327
9065
6684
6767
4372
9311
325
2727
9113
2062
8310
3077
8186
98
8858
3998
7532
1529
3859
3541
9731
3517
2468
1922
6854
823
9988
3886
3018
1573
1389
2404
6367
2664
7295
2576
1153
5690
744
7798
2855
7066
9131
5490
6663
2289
1037
1273
265
9681
8107
8673
7426
642
836
9038
9214
2284
6283
7250
3281
6522
6399
4957
8268
2498
811
8303
1109
7021
5586
1315
9301
2479
7160
6311
6661
3297
5895
2395
1935
125
5737
821
7353
5211
1966
3124
1485
9489
6333
5532
607
3566
4609
5034
8608
2402
5976
164
9043
4641
3195
6516
9588
1347
4857
9562
3172
8523
9168
9653
6138
2102
5516
3994
5583
8203
8802
3649
8432
6677
8678
3725
7465
6729
456
4686
799
9265
1396
808
427
4767
2616
2738
7730
862
596
2143
7184
241
4558
3363
3521
323
2577
1173
4843
6783
2836
3889
6897
1818
7779
8331
4621
8016
4006
2432
9093
3177
6597
996
1281
5837
9967
6376
7715
9881
1702
5607
7984
8322
1330
3392
8921
7513
4519
4310
586
715
1904
9687
6248
2582
5470
5772
1956
4454
7390
2001
8018
5771
9801
233
6848
5609
4199
6987
4923
5042
8686
3318
6842
9710
1199
7859
8786
9561
3956
7659
2419
7287
5296
7773
8670
5028
5604
5770
217
5261
3144
2207
1937
5694
223
9806
1400
7994
7445
7831
9391
1992
8060
5883
6639
2679
7243
2356
5691
6667
1904
4114
7091
4805
7686
9806
8222
5483
7027
4204
6199
9727
4486
3971
2126
606
7787
5300
7722
8942
8987
2494
9629
8583
904
3059
8260
4233
7327
9493
6867
7499
4507
3722
7335
9714
5340
7297
2863
6152
2433
9501
41
312
6632
5903
877
532
8374
769
2165
5519
3683
7818
5372
6409
1748
2298
8622
3078
9902
9094
3628
3331
1945
540
5537
930
6610
1706
1342
7179
3537
2583
4618
6262
1870
4564
7748
7779
7464
6512
8728
85
32
2795
8175
253
8593
3872
1256
6380
1307
2093
383
2054
5237
4758
1102
4843
5077
2771
4696
1282
7710
7782
8931
5934
6956
6845
3484
5795
4287
3222
73
7730
59
218
7381
4957
1199
8491
4470
6671
6807
8944
6320
5676
8830
3992
5449
3981
8260
8542
8223
2990
5895
1303
821
4447
2515
3778
2108
5368
5731
8636
4312
1655
9532
1679
738
4185
7611
7394
4494
2056
5760
1087
9157
4724
8060
964
7206
2196
8902
5963
152
3248
8922
2910
187
4007
6601
1153
2296
7734
8937
8977
6705
2415
5381
9846
4869
9601
4725
9770
9227
4606
5609
5081
6512
8778
6459
7903
2769
5546
5558
1815
928
8113
8830
6734
1390
8144
1201
5748
4709
3371
9854
8581
8519
5156
4990
6288
5791
1779
3807
3177
9384
2994
13
8520
4455
9257
5322
6267
8425
3538
3166
134
7044
204
6273
6044
1399
8585
8347
7547
7856
3715
5721
900
5481
3989
7047
3106
462
3720
7051
7914
4707
8262
5875
4775
5030
2789
1225
765
9480
7541
1209
290
4943
6071
8215
5833
908
2735
765
5028
8503
853
2791
9448
9447
3667
6487
683
9196
7125
9391
904
6210
5012
4481
66
7651
4398
2823
4073
5226
2467
2366
2855
2107
3314
7247
5857
4635
78
492
9250
8509
5813
6553
3371
802
2239
3515
4854
1914
7583
6303
2011
7714
7614
8610
1513
8324
494
2690
8521
1677
9247
3477
6571
825
9274
1919
295
1299
8772
9297
5161
5322
2954
2981
5074
6733
4317
1308
548
898
8546
2351
6734
3316
8531
5153
3498
937
3057
9291
5947
6685
5890
9060
7305
8891
3719
811
4043
3140
3135
188
1705
742
3287
565
1840
6449
4997
9639
5928
4575
5239
6649
1516
7809
6343
8623
5744
4461
863
6331
4237
5351
9657
9767
5113
2096
5249
8194
2501
800
9647
7339
2524
1417
2890
6293
2198
741
7210
7813
6123
278
2934
7588
1790
1103
3366
8399
5278
3943
4881
5705
4956
3656
4221
9600
5610
3368
1394
4190
3948
987
3006
9156
7019
7147
969
199
6632
497
5540
9649
1235
3780
2500
2267
3033
1958
3837
9667
7809
9639
6087
2746
645
8762
8415
7359
24
7184
9337
4423
9923
3095
7445
4647
79
7714
5213
6587
6464
8636
6554
1960
5699
2479
6038
7934
5555
8542
6584
8138
8502
3902
6578
6575
8503
8641
4432
8604
2678
1258
9963
1546
2338
6642
1399
7040
5006
2680
247
8762
4707
5750
5640
6861
1910
9924
6446
8130
1899
4190
316
6507
5179
4278
6066
1749
718
6395
7953
3206
9636
1869
710
7010
8558
6305
2421
547
5003
7329
1826
4320
1569
6664
7790
178
8787
5587
1981
9154
465
6245
1363
5355
1530
9159
8996
9303
8847
4726
6351
4241
6358
5038
6057
2697
6068
4803
4003
5003
5641
6366
1338
999
6602
4253
5147
4561
3824
6831
588
9744
7040
1088
3907
3769
1502
7211
957
392
786
335
7262
5186
3173
7520
6692
258
6806
9798
8821
9958
5941
401
9016
2612
4950
2623
7823
4802
9449
2337
6767
4064
5338
4605
3548
8162
1143
3468
1709
7021
8556
4789
19
7114
1910
1557
3909
5627
7679
3831
4858
6512
8420
214
3078
455
3632
4022
2696
557
3596
6463
9461
7481
491
2794
4794
2093
4362
8690
1922
9016
719
1697
6472
8374
2297
2910
6501
6273
9747
5966
4136
9840
155
6298
2100
3022
7108
1353
1021
5967
7616
3380
4751
1995
1817
1098
2298
7504
6537
3374
64
7412
5229
1355
9839
58
6983
8954
5219
7193
5190
6160
1473
832
2708
1842
674
7762
3728
3131
9457
2284
9384
7267
6443
9807
1379
3712
6805
6372
7746
9642
2926
145
9376
8854
9619
4969
7817
4870
8524
5317
1576
4459
8299
4311
5935
812
1987
2616
135
6832
409
1245
3244
4626
531
5782
5042
7386
3751
9491
4353
2999
9878
2647
2844
6453
5780
5299
4032
8743
1855
6126
2197
1752
5534
8900
4625
4385
6014
3048
2859
8482
35
7964
1679
8468
176
7759
233
8621
3279
5112
9163
2468
4651
8018
345
4953
141
3756
1353
3811
2939
5061
3462
4765
6581
5264
8392
5061
1298
5337
6617
6356
2347
123
8478
1531
4305
4233
228
1027
2435
518
5508
3221
9405
9253
2081
8966
4157
4360
2810
8829
7762
3479
9567
24
3987
6786
3466
7289
4323
7681
2027
8306
6558
6791
8546
8464
1371
5354
7331
629
564
7000
1921
8894
5499
9107
7668
3709
8477
8263
8951
6508
1931
9947
4366
676
3834
8636
7168
4598
8210
3874
7122
5078
4503
3512
5752
7425
1706
131
6602
3143
2288
4962
4361
1541
7947
9884
6740
585
3930
7338
8790
6293
9703
2561
65
9815
3957
4932
8015
9461
6533
9024
1077
9732
5125
6707
6725
6585
4463
6632
4873
433
3627
3132
4166
9725
6991
521
1193
3467
6047
8157
4479
742
9466
4683
2255
318
5080
7976
5613
9359
1186
994
5849
6080
2008
5294
6153
8455
3203
7293
1162
3001
502
7262
5139
9213
8460
6415
2771
5474
9401
736
8993
2869
9863
4747
9667
7596
9788
4747
9538
1105
7206
6069
9013
4643
3337
1696
6934
8141
9873
486
8903
4651
1677
7571
486
7265
1309
9749
6964
6549
1037
6465
3431
3127
6706
3391
3411
7789
9502
8118
1934
2513
2224
8912
2758
6893
746
553
8492
1376
9377
353
159
6585
2819
733
7417
5716
1428
2177
8613
6838
6374
9606
4191
3723
8931
6641
1339
3122
1440
7753
8701
9416
3346
2793
1459
9769
5988
8182
6172
9362
6876
9325
330
5836
9740
7930
7072
3909
3057
7357
5312
3654
151
3909
7180
8792
8857
3981
5650
5447
7980
5856
171
3827
4278
5831
8201
2471
975
8977
9728
74
2838
7383
6241
1448
7276
8046
1194
2857
2055
3112
4280
4212
9117
102
2952
3753
1971
1548
2713
9561
5509
6124
4580
6024
2078
3590
754
4282
3808
6735
2495
1582
6623
7651
5845
1361
6461
1262
2760
69
6478
2891
3933
2174
387
5734
4304
582
8344
6012
2744
9970
4719
6346
9977
2383
1615
9260
72
1223
3029
8301
5343
7936
2728
4360
3463
5123
9266
9269
4897
539
7335
8600
5853
6679
2104
7532
3418
4123
1608
7617
3902
3404
4434
3869
979
3713
7057
4269
4299
282
4506
759
5766
5841
2071
4721
1191
9706
2332
5764
4977
2045
3689
3878
6262
1740
6532
7130
6993
3003
8602
1172
7936
3536
1458
1421
371
5867
7029
1338
2454
8346
6919
6939
7391
392
8908
7699
1879
2632
8724
3109
472
3686
496
3140
3176
1787
4883
9961
8302
9393
7959
6509
2445
6683
2548
2990
4832
2448
5832
6158
2101
4698
1826
6098
9256
6261
2043
9472
97
9902
5824
8154
9679
7323
818
7591
9510
8067
6497
2079
3915
7012
7972
637
9375
1227
4766
7026
361
3451
8495
5614
7441
7017
8044
6676
1861
5415
1732
7189
8237
8591
9157
243
897
4809
7886
7191
1037
2658
8955
6515
1356
6680
9261
6918
732
7879
8846
5381
7175
6430
1912
196
1333
9904
3207
7502
8416
7883
2189
4768
9636
3815
498
3157
9816
4761
3698
8230
8806
8934
3460
4114
25
1762
4330
7159
8180
5219
9635
9814
4594
7682
8884
8343
1073
1658
9254
9341
9908
1584
1643
5976
8113
5821
8973
7458
136
6627
2451
6623
3476
8700
768
7999
319
5141
414
3393
1134
163
4491
5472
9479
5152
5824
2746
3815
3376
3342
527
9579
9432
2410
1210
7497
4083
4834
583
1431
1075
3022
7778
9857
117
5354
4286
5520
3505
89
3257
2445
5784
6405
1504
9587
1245
1692
7449
1435
4181
4060
8391
3610
6005
8979
3643
4132
8469
5616
5655
8911
6869
7498
3392
533
5033
8099
6477
4343
7212
2305
2748
3897
6734
2056
5158
8343
8457
5279
8279
2647
9757
3284
354
8788
9135
481
7531
1149
7890
1729
6689
4708
2011
6163
4875
8555
1525
1774
864
8697
7525
663
7960
5510
7645
9361
8926
4622
9461
2784
8127
6319
4319
1220
4832
6443
3416
7701
7409
1598
1100
2861
640
9453
8522
5320
8916
5171
2308
9397
7995
4376
776
9577
3223
3880
8259
3899
3485
3814
8978
5297
6010
181
4055
5637
8353
2879
2675
653
6446
3722
5650
6166
6823
513
9913
4909
928
1945
5394
7821
212
8638
3735
5919
1549
6751
2214
2799
8249
8444
3636
9614
6959
4042
911
4549
4550
4592
6940
3019
578
248
869
3999
8448
576
5791
8253
8233
2865
8914
8504
624
5755
7925
9883
4093
170
6589
9193
6188
1537
10000
9393
926
4348
5231
8701
7452
2427
4869
5528
6067
393
9431
8802
8109
3449
3100
6436
8646
479
1459
4657
1243
7063
5609
688
5959
9993
117
5650
3114
6259
8873
8962
8854
289
8644
2440
4087
9439
8358
4890
3500
2858
5658
1314
4985
8069
1091
3384
9021
8232
1359
2061
577
9843
5197
5169
4226
1127
1563
7563
9754
8424
486
9539
5432
5752
2098
1670
9962
8239
208
9581
8945
6594
6955
8026
1663
6984
6113
609
9639
3546
4136
4855
2464
6338
7455
3074
6228
7188
2166
3951
3272
5884
3465
93
4820
8192
328
1339
4682
2031
573
9764
7035
8708
6283
1795
1146
4243
2840
566
3711
6556
9884
6422
1928
3868
5168
8736
4346
3077
9726
3634
9229
1908
6168
1637
6657
4627
4184
9788
4861
113
5884
9878
2209
6153
7983
3472
385
4195
1137
4753
8735
4728
3127
3831
7533
9570
8576
1281
2592
848
2859
7656
6461
3471
6569
1816
6790
5105
364
8240
61
5394
8574
3354
2527
7916
1130
2147
4540
7408
7402
7348
4491
4198
7973
8172
8859
1702
9827
8485
9248
8240
4442
9922
9814
5394
8797
8231
4530
3683
2033
6751
6180
9375
5455
6687
9665
8093
8238
7007
509
2952
1820
7631
842
2446
4567
1326
2203
1412
3743
8024
2987
4870
7815
3055
8716
678
9711
9505
1514
9513
6819
8308
941
5534
4393
6633
6287
5266
9680
6804
2107
5399
7343
4689
5069
1358
2552
1040
5061
5478
6954
7658
2639
2501
8507
7001
1175
6654
2165
9750
688
8568
7494
2933
9191
99
8771
830
8143
922
4187
666
9185
8189
7821
9785
7968
73
7378
7985
1644
2755
3941
1513
6313
3757
977
8171
894
5945
475
7243
4446
4876
8384
9658
925
235
4282
6143
6978
7236
6362
3843
8701
1474
2418
6244
4805
6571
5002
3196
5617
3896
6023
8441
6740
904
2897
6423
4975
1383
9297
2976
3697
6610
3196
2779
4941
3169
8344
6389
3946
1303
2984
5447
7095
3725
4826
7880
8887
8995
6046
7185
7686
5563
2731
3589
7378
6599
1290
1161
659
2213
5566
7898
8070
4856
1199
8948
1941
1352
1453
3297
6731
3382
6658
7479
6740
3256
577
5819
5778
4709
8813
9534
3976
8804
1648
5655
4936
846
5279
436
7717
9685
9099
7121
3672
8681
9416
289
3418
5207
4309
117
9836
2029
4898
49
2529
9889
796
1830
5937
7935
6149
217
3705
4586
2582
2272
6550
6633
9422
1306
9687
8719
4912
8222
1658
4106
2738
4854
8306
5301
7669
5259
457
3191
9298
9108
3241
3641
2397
2282
5758
7154
6431
3176
4960
9539
1917
9053
8206
9331
7407
5872
4720
9553
5790
8932
6111
4553
8696
2964
1114
7418
9348
4033
329
4720
2009
476
1555
4875
5229
6358
1498
2351
5205
348
7387
9760
4114
9072
6670
1236
5712
4637
758
4158
4044
6382
9320
5413
4079
2681
3859
4269
4855
7549
9830
8327
894
4125
2889
6122
932
5344
4187
9162
4590
7292
4282
5438
704
4741
4910
4765
1615
1842
4636
8353
4272
8053
8917
1119
2140
3630
7691
7338
1516
5241
1173
5992
252
4796
1417
8060
4226
9077
8289
3919
4223
882
6652
7914
1374
4053
2428
8212
3164
6282
6716
1800
3427
8388
4286
8739
9392
5264
6578
4612
866
4599
1423
7632
4354
3673
7639
7316
7725
2595
7970
1216
9320
2189
3483
9093
5741
1316
4885
2361
7557
4567
9211
5835
5136
3361
6923
5275
5714
4286
5195
7319
4513
6302
8567
4746
8291
8681
6996
3408
8650
2932
5837
159
4405
7777
8494
7698
9169
8822
3854
6293
1001
416
2276
9773
8831
124
2643
3159
5485
5055
2727
5841
1593
4832
4349
5142
8267
2237
6760
2886
5313
9336
8202
9472
2456
3836
7137
4660
1369
3502
3564
4414
1480
9820
5936
2339
8632
9590
4089
4833
6994
7869
2726
5683
8069
3678
2813
9564
9782
4403
3204
5408
684
1631
9946
3877
5301
8813
3437
5964
4135
8599
4768
3426
5121
8232
2852
8585
45
2267
3134
4356
1430
935
2649
6250
9274
9112
790
3923
6660
1411
799
4623
2157
3420
3697
197
3217
5904
1998
4156
4466
1050
5996
6796
1931
7183
1187
4144
6686
2784
7585
4866
2980
8458
5138
5881
2672
3312
8591
5984
1660
9099
3150
5867
3363
3081
2119
5927
9017
2670
3323
5896
2598
4674
8828
7449
337
8636
4018
7453
2972
9544
5527
5116
413
8000
6583
8833
7485
8047
84
9386
1680
1647
9143
2025
7464
8820
568
6279
2765
9985
9397
4739
8927
4894
5442
1575
60
3646
1895
1344
2172
6923
8877
4055
4623
8692
4924
8862
9754
7035
8453
3333
7889
8975
1363
9488
675
2344
5850
6369
1782
7479
2627
4183
4831
1459
8859
9555
6148
56
8974
271
853
450
7282
8610
4759
8207
6411
386
6797
9605
9532
177
869
3844
1954
4888
6945
1411
8030
5217
1660
6101
1603
354
7198
4994
7733
440
1370
8374
977
5552
4035
1980
4965
1174
8067
6588
5280
4725
2552
9261
9805
2881
506
4890
5889
1362
6334
4460
1288
2803
9544
4781
4736
2984
9563
7761
1688
4219
2391
7755
3191
8874
5972
8111
2562
2569
7098
7074
6029
950
8322
3914
2908
5298
2161
1774
5316
5618
7092
1384
2536
9424
5597
8217
7389
9062
5476
6130
1645
9342
3713
9802
9844
19
3368
7594
7725
8677
2466
2410
4942
7935
1493
3086
8945
5033
1602
1365
194
3094
6080
8275
750
510
7630
1366
9262
1082
8069
1089
1872
1948
2655
6302
584
8341
3063
2299
4523
5032
4539
6658
9342
8618
3372
9567
5436
4220
7049
9109
8790
3727
2556
5656
172
1081
6295
8930
6553
4284
8840
3301
72
1399
9807
728
5452
6543
1979
4879
729
2527
3192
5797
286
1295
2126
7296
3234
9801
6492
4810
8444
4307
8462
7646
5733
9201
5909
6069
588
4164
1093
2585
3637
7992
5862
4865
4325
504
3024
649
7774
7104
9245
438
9538
3446
1559
2645
2823
3861
2516
491
8719
8549
4539
6180
7510
9468
8816
9634
7230
5443
956
2838
1433
1385
4968
3604
4013
438
7386
5524
3382
7741
3020
2114
128
5762
1316
440
7988
2359
7973
8695
3222
508
9666
1309
1518
7044
1360
3576
4505
7775
3267
3875
9017
6103
3468
365
7761
4029
661
6937
2952
6408
8653
7431
8332
2278
9517
7548
4958
5870
1972
4411
6596
5905
3052
7036
591
6714
4054
8326
9996
6502
5202
4552
1531
2421
2440
8606
5782
4471
6052
6340
8544
5073
5301
1465
2768
1401
4918
4359
8218
9702
5641
6421
1892
8802
9393
3985
5113
203
7179
6436
6869
9940
3321
7202
81
4585
7190
3347
4667
7897
5574
6397
5239
4293
2024
7701
8220
1204
8394
7181
6332
3000
4669
6056
4709
3682
7065
7140
9168
2375
6783
5267
3945
4475
6119
9509
4327
3510
6199
8766
3782
7384
1973
676
7903
8576
7128
9935
7118
7240
1382
9088
6237
1386
1935
2335
7559
2558
1947
3241
5
2753
1856
7994
9867
1574
3344
9625
4910
632
1059
3678
6211
60
9788
8597
308
7424
6576
4972
9441
1557
553
8398
612
2069
2246
9319
1050
5472
3008
7210
3857
7931
4702
2733
7034
304
761
8122
9101
5879
4614
980
213
5674
6974
2091
4941
7604
9190
5048
8724
7860
2192
6080
6866
2953
6360
5315
7643
4502
425
4252
2015
9541
1439
779
9688
247
1681
3502
5020
8899
224
5796
8337
9889
8074
1174
3945
4533
6702
1605
5825
414
6955
9949
1153
4281
3896
9209
6795
9736
666
7230
3357
4613
674
8065
5078
6819
2699
8034
8322
5304
8334
52
1585
1874
5002
1911
3203
2076
8626
9010
5568
5551
9709
2688
7501
8412
1526
9615
2454
4521
8114
7558
1263
9900
4249
824
6268
8662
2483
5076
4609
7094
4231
9381
3745
3901
1763
9676
5056
9158
7347
7232
1019
8309
1471
1306
4814
507
4192
9395
9494
1617
3286
7846
8063
6021
8867
7933
9591
484
995
6351
5271
8732
8173
5536
6015
1208
6248
3586
3959
98
7805
6287
603
8031
5468
6704
4670
1101
8268
5669
2984
5804
8381
1500
7096
3942
5128
3540
5583
7749
990
3253
3647
3702
768
3293
4972
6210
1437
1478
4138
6240
6741
4087
3792
2877
6870
242
8383
7890
9673
2906
6028
6912
8312
5417
4715
3923
1711
3752
260
1605
4575
3923
3008
8666
7034
3163
931
9652
5296
180
9986
4579
131
9941
1330
2305
4946
6841
8133
565
1642
9643
5089
137
8055
3620
5585
8934
5311
3437
5198
9727
7879
7833
9548
8472
893
570
3274
1306
8554
7170
1353
3935
6739
7128
7535
3708
456
4110
4508
5825
2037
9371
5274
3401
7770
8649
3422
3609
5031
4314
6633
6542
1863
7164
5541
4340
4485
8978
8200
4768
1183
991
9281
9600
9827
9706
2341
3554
7201
2561
1630
9599
1907
6589
5408
9439
2385
9008
9036
7927
4659
1843
4
9252
6930
7001
4796
1339
3969
5291
7962
8799
7431
2073
2780
248
980
4633
4637
7677
757
4943
7947
7394
1252
1183
9399
7243
589
5683
4128
7091
3892
8641
3176
3026
2262
4154
724
6908
5376
9244
7339
1566
9448
7882
3182
49
4964
8913
3713
9023
510
139
1747
3668
7814
5463
2584
1073
3284
7169
9682
1089
3642
2315
4172
2025
2498
8308
6136
7558
8069
1876
9381
951
143
6287
4607
824
2235
2076
5454
8398
3007
6768
5412
8180
6381
8755
3032
6249
7697
5821
926
3057
6519
6353
3603
3014
4639
7419
2826
3856
7292
1919
6029
1239
2214
4070
9504
6400
5087
3170
8288
9234
6868
5784
153
6075
2333
8321
5406
8251
2360
5058
5898
6615
4308
4117
5396
7826
3739
31
2228
2221
2535
2990
4459
3684
5304
8139
7272
3457
7081
3998
5132
3068
4292
734
220
3563
9047
3845
7699
9927
4687
8017
389
5196
4834
5208
1638
4536
1290
8548
1295
3948
7835
1795
7669
3835
5019
8320
1426
595
8198
7061
9966
625
4052
5291
5656
7401
1715
3634
7217
9832
1812
1309
6042
4672
3151
922
8693
9883
6854
871
5549
2177
3800
4659
3642
7278
1633
1103
6149
1738
1022
310
1059
5819
5477
3621
5726
3780
7129
7205
5982
4006
2544
92
5930
9026
8344
1112
1554
8771
5936
3573
7449
9314
4667
7708
4411
102
5144
4998
641
4771
3411
4866
6195
2857
6132
6517
8576
3120
1587
3429
7831
372
2084
588
8166
1445
4682
9161
7336
849
1395
8508
3270
8796
6485
2108
1860
4047
955
2366
9424
80
901
7558
5060
3085
3345
1753
1285
3294
2805
9403
7343
2696
8557
2817
4932
162
9114
9293
9266
1385
6294
7704
4337
7079
6943
8166
264
6721
6825
8120
9143
7891
94
8972
7429
6533
9750
8750
9413
3
4120
1464
5419
7079
2174
1387
5799
8435
6877
1183
3287
8101
4156
6222
2902
4642
9249
6920
3123
3089
5028
2250
9162
3732
614
228
1988
1129
8312
3377
6197
1176
5756
7922
414
4531
5437
827
139
844
597
935
963
9499
1331
7148
9283
8315
2379
1168
3332
1270
1173
2531
6476
8200
344
3914
2759
6981
5660
568
6699
1968
449
4396
9976
9543
7989
2288
3472
9601
4634
7394
4199
7120
4576
9361
8027
5111
4286
24
5532
8118
9275
6330
829
3095
4901
952
7014
8745
2425
8892
9448
908
8301
9047
7258
9682
4843
7562
7565
2735
896
6424
1006
8836
6624
5001
8886
6143
8590
6245
6816
1962
7682
2009
8582
1409
3921
3086
5742
7602
1252
3521
3630
6701
3683
4212
1754
3373
9199
5178
4352
543
7609
6120
224
7087
8628
9702
236
510
116
6465
7675
8689
6029
2486
5182
509
6684
1875
6453
4016
4721
6492
4099
5144
8982
4035
6482
8072
523
3356
7073
8827
7793
6890
682
4118
129
7121
748
6817
4645
2863
3660
3688
690
8575
4562
7608
4087
7811
7742
9539
6232
7755
5493
3631
6688
3245
6232
4537
8228
6534
6247
8959
9332
6918
4716
4530
9405
292
2742
830
9961
881
1666
4311
4983
9483
7354
4880
8211
5119
9775
6596
9071
1598
7140
1296
6782
8427
6534
5177
7384
7881
1303
6932
5552
2464
6993
7420
9014
7192
8910
5806
8468
5903
2771
233
3180
4073
8005
7799
6091
1704
526
2606
277
4079
3930
6034
3007
7416
8344
1039
2938
9093
2361
6982
8844
1634
7434
3073
8754
9592
3388
805
2390
9132
8636
2918
9605
523
5705
7807
2072
2448
2349
2445
2863
9641
4556
3556
3561
6290
2482
4817
1756
8223
9108
5203
6820
8911
7122
1987
1103
4355
2901
5672
3246
3089
5106
2167
2674
3004
9678
3407
8697
5149
5989
5197
9814
609
2326
2693
3870
4764
1196
9082
8116
3649
362
936
329
6893
2815
3813
152
4905
5941
307
7745
491
9879
3232
7791
5775
4869
2789
9750
546
8556
4080
5001
5604
6211
8457
9182
8011
8984
9059
8308
5951
9000
7577
4531
6024
6381
1877
1469
9328
829
1729
1944
9910
3142
1519
6748
4895
8727
6929
233
7278
8156
3888
6181
6436
5240
981
7082
9489
7009
5454
8153
372
3775
9437
5565
835
9899
3265
6818
2943
1401
8832
1542
4360
1183
974
8335
6415
5192
5028
65
1516
1833
6549
9327
6022
2443
9193
9550
6885
472
7041
3547
4902
98
3780
2430
5307
6371
9019
4919
3810
1576
284
3120
8090
3786
2718
7456
5862
9687
3240
3415
5468
5468
4411
5734
7906
6362
8227
7786
4469
6696
7079
4693
2067
3166
7064
7700
6160
8676
2740
7185
6356
2857
5850
2110
782
750
8410
3354
101
9160
4151
8357
9317
3428
6957
5978
7473
3352
8644
5205
1179
5556
6886
1842
8115
9443
8054
5434
9304
1569
6736
5564
3958
1813
5201
1676
888
4954
785
8346
5330
1935
9677
5285
7811
7128
895
4983
4044
1022
9062
2555
8518
1175
8356
9043
4723
8391
2500
7585
3695
8409
8722
454
4407
3474
1384
4949
6188
577
5053
8820
1037
3134
1320
4906
4195
8651
4758
3605
8670
2242
571
7736
8678
3632
8253
404
8525
5232
3394
1619
9968
6694
4027
7194
2239
9362
2001
3551
8011
9994
6157
8065
2902
3682
9469
7634
2096
7000
391
5570
4376
1441
4839
5505
5858
8249
9363
4997
8790
4557
5531
2632
2794
5152
2342
2743
260
1968
2750
2343
5590
1604
2353
1331
5517
6610
6599
7299
2739
4729
7899
4787
8720
2162
1857
270
8668
9052
7710
8873
9113
5329
1554
3434
5915
5526
9631
1698
464
7191
7457
573
7488
3421
3117
2872
6768
5101
8021
7219
8781
4251
6215
3286
5909
8580
5285
9034
7575
1354
5036
9245
8596
5756
7835
2156
8139
880
3062
7930
2245
8457
9308
4331
6245
5876
6281
6265
4783
3552
8641
2405
396
2905
6490
7488
7071
4193
8418
9051
4667
883
1284
5474
6643
2096
2062
5596
6737
3273
1193
8193
2280
2694
108
1456
2492
6767
4207
1930
3361
8361
2815
2651
8054
5770
9881
4698
8488
3667
6338
4602
827
9227
1032
185
3267
4481
5529
2837
7627
890
4511
7879
3206
2193
1888
6110
408
1113
5726
8055
1083
5042
4212
6325
7864
4077
4384
8654
8756
8683
4744
6936
1796
1558
8434
8436
9899
2464
7182
572
2885
4547
297
8060
5244
5816
2352
1326
728
7310
608
2045
4252
2918
8380
4390
2000
6327
1521
7100
1792
9522
6508
5268
3555
7621
4440
564
2657
7833
5026
4269
9556
4039
6083
7392
8286
8110
9041
5373
288
4067
2371
7031
7884
9905
5764
5613
4011
4200
3392
6388
4121
527
2810
7255
6440
3724
8321
9213
4959
6560
799
7622
727
3750
4587
768
4123
5909
9018
8473
9999
2564
2916
8414
5832
3864
5383
5525
9563
2593
381
8537
1660
70
9406
1362
5141
1900
9899
2315
4170
6006
8704
7982
3615
7389
8645
436
2293
3184
1970
3551
2915
5321
242
4635
9665
1510
1849
3254
6647
8605
8913
2314
3224
1253
8447
8642
53
8717
7735
3010
5321
5228
2283
130
2114
7822
7992
5717
2957
1343
7763
4627
5939
5307
6051
4004
9902
8878
382
9450
7265
7909
3484
9118
2270
831
18
4555
8085
33
9792
3685
4020
8745
6480
6244
3371
1472
5971
9282
7259
392
9970
6294
7606
8638
2144
3441
8684
6522
1179
1932
5475
9101
628
6097
5416
870
1899
9057
2506
3823
2660
4784
8485
309
4135
5505
5823
3883
8694
7600
5978
6498
530
7274
8058
5694
8408
7021
6017
721
8730
958
9296
3575
