2917
8110
5192
484
256
3171
7902
7934
7258
3815
8023
3559
5622
10000
4827
422
1281
3437
2204
3014
142
3851
6244
9958
504
7467
1798
4844
3705
5220
8872
1096
3035
3754
1282
7767
1585
6263
3836
1807
8509
2803
5604
5277
1371
225
3847
8764
582
6531
6538
9213
7022
7495
1861
903
123
7705
3748
2957
9165
6061
8143
3661
5406
9362
8036
9077
6171
9635
7252
7502
4616
3915
6980
4135
2952
5159
6666
3288
9400
5873
7139
3327
3372
7407
9329
3009
8060
320
4281
3526
2239
8762
7325
4769
6888
2129
161
7826
1624
539
8159
7402
1524
1784
3192
3770
4834
5232
2283
9253
2543
7321
5441
3332
9634
2492
4265
8468
8209
2061
5189
8915
3423
7908
3690
7535
5109
7844
9249
2863
2104
5004
2645
3346
5863
4167
6583
2327
330
9611
1110
3666
2853
4669
6251
9147
9204
4828
3854
148
6037
8072
6972
1105
6419
5272
9238
7250
7792
8629
8033
9900
8051
4202
9550
7589
5734
661
9477
4432
4689
9102
2996
7506
9189
6292
2855
8234
9442
6184
2919
9426
8650
1501
3632
4824
9964
8601
8841
1643
5752
6389
4110
4611
7800
3363
3010
210
3770
6415
5213
3410
9701
8986
3283
833
3178
4043
4997
9143
4432
9076
6319
8504
3573
7628
3918
5047
5781
9480
9289
9480
6097
2311
4965
4834
8755
1876
8402
4770
9750
2458
7403
2702
4062
618
2913
8146
1804
6732
7085
2424
1919
1267
3427
3310
2870
5984
3027
1034
5871
2750
7678
640
3949
336
329
9345
9290
9167
6424
8527
6093
5476
8884
9459
7149
210
5092
8828
3490
9937
8386
2742
4928
1051
6106
626
9815
7622
1748
6388
7046
8119
4868
1189
8141
6771
4849
5003
1635
8673
1640
7407
5274
3259
7945
9200
4112
710
8452
9981
8364
265
7731
1577
5598
3292
6033
6316
2397
8913
6806
3658
2259
6637
2072
2334
9213
1355
1488
5081
6533
8681
2143
1355
6714
2347
4680
809
2010
68
6246
2556
2048
8378
6900
9674
2613
6708
4733
4693
2778
941
5141
4698
2096
8915
946
1626
1260
4930
7098
3535
3491
9436
5077
8645
8071
3418
2281
6446
4812
3107
1401
5523
4865
7487
106
1384
9938
1754
1261
8953
7322
2556
7175
8264
9174
1654
1535
6764
4017
1336
5094
1469
7500
8721
2013
9083
7373
2046
3484
1909
9708
1918
6803
2358
6452
3333
1396
6879
6416
1188
3550
4652
8759
6188
7817
1380
3483
5832
1354
6282
3526
4154
1997
2414
855
9693
7481
7093
1506
4041
2981
4720
384
6127
3803
7787
8553
2586
1108
5517
3773
7314
657
9174
7385
414
8855
2192
8441
8364
5673
7987
799
8294
770
7989
4959
1219
9379
8193
3044
7464
1440
6030
5019
8410
6609
8765
3813
8997
392
9772
2797
6425
6733
810
8573
9037
8041
3999
3211
1623
3564
2125
8062
2229
6412
4712
3253
8312
4602
5940
4652
5115
9649
8897
5197
2370
5690
4322
7454
9360
1760
7446
5731
3136
9349
7695
8509
1068
2451
5264
7364
9053
6232
4974
4073
1862
5265
8768
9456
4173
9891
8191
6348
1834
8926
5989
4443
5935
1433
2680
9787
5278
543
7523
5985
5216
7313
288
752
6402
2110
3997
4393
3026
9283
3590
5685
8583
776
7676
4511
6783
9952
5323
2072
1774
7192
8143
997
3795
8083
2189
2549
9442
6143
1705
1044
1976
3463
2840
9437
3249
3848
6671
778
3100
4550
3058
7
8351
1774
7788
3741
5559
4202
6723
2320
900
6170
78
6880
666
3878
3871
1863
158
7457
2132
3865
9801
5181
2178
8673
3485
3079
1805
4440
3789
8949
4920
4409
891
3780
1590
3770
3316
1381
9416
9010
2475
1415
6898
6634
8012
5209
6195
3814
7270
8865
5891
8584
8216
7119
428
6409
9787
5708
4343
7958
3801
5702
195
106
8942
6830
2217
3677
1222
6735
5700
8155
5652
1812
3790
9878
4219
1349
836
2071
8072
5657
362
7503
2152
4164
8156
6536
7075
5499
7572
4144
8469
7263
3626
1767
6770
4067
8667
7830
1279
1137
1615
2006
794
116
3878
5428
8583
6959
7924
8259
3231
5452
42
163
6897
6298
8226
951
5580
7201
7186
8823
5545
7620
1514
4535
5638
4493
5869
1217
8754
323
531
3705
7845
2286
6126
8803
7067
3217
6358
1520
915
2363
5802
3299
1810
1130
3264
8324
7077
2846
9041
372
3947
431
4655
3315
2748
2976
315
5319
3054
4672
5568
9709
572
3412
2781
610
3399
9069
5783
7302
3441
3002
5387
8160
5636
3738
5800
6733
4655
3409
1046
3524
3981
90
5850
3032
5281
4989
225
754
256
6195
4102
3326
3962
5883
14
3541
6377
9149
5836
7141
1444
2116
401
3313
991
2023
7420
1897
9557
176
3132
1814
874
7604
8002
7689
8284
9656
2967
1475
7108
4459
475
4390
2245
1073
13
6293
6264
4669
8670
6160
4184
1267
8637
3662
8050
4695
4085
5431
1098
7461
4877
152
4543
5165
3552
351
6568
536
4871
6000
2487
8554
9920
911
6710
4688
2445
3806
4209
3543
1636
5443
2947
8157
7183
2288
860
9077
3098
8239
5442
194
2969
4160
7557
893
3249
1703
5290
3217
1613
6507
9902
6299
7108
208
3628
78
7377
4068
1465
8966
2367
5013
26
4446
4153
7894
9937
9695
3411
3443
3604
1024
4268
817
7984
8020
440
5497
200
9910
6930
2941
6778
3562
6348
8951
1568
1695
4196
3369
2580
8887
1159
9916
9629
8270
31
6266
7886
7440
7792
3613
4317
8337
8217
7994
4769
4278
5516
3629
7213
9477
2065
5576
4257
9769
4353
4214
9198
3400
3166
8751
5562
6185
7288
7958
5008
769
8033
6461
1932
2985
3401
5978
8240
1233
2215
2675
9630
532
4081
9829
4120
4335
7721
8323
3608
2871
5501
9272
3605
7719
5717
9650
8443
7919
6855
3455
8794
327
6005
8532
1420
4195
7937
7151
9363
7107
2855
1684
9733
9797
6328
2501
1486
9640
5526
7566
5798
2015
6540
5925
5769
525
9088
4952
2410
5133
4462
9442
352
6523
531
3124
9487
6971
3842
4741
5430
8229
8317
4580
966
6423
5763
8437
7538
1078
1844
1200
73
5696
4908
7533
6661
7069
3185
5839
213
5689
5949
5145
8411
50
4428
4673
3058
3880
1982
5955
4957
3556
9812
1919
3721
9690
7118
7024
2841
1094
8411
8543
1536
2890
9627
8900
4439
5158
8101
7265
6211
8145
6875
548
4271
1908
3105
1288
7646
974
9004
7006
7615
322
9909
7970
6238
7634
7321
8655
8385
9897
4147
8857
4775
2227
1007
5935
5346
1035
6046
2348
6546
2558
3739
1228
2153
3256
280
7821
3258
3221
6807
5148
9449
297
24
9272
2781
386
4338
1987
300
548
2256
7341
9512
2539
1555
7034
7053
3689
1771
5909
5210
5402
6989
3727
9185
1065
5372
2786
7634
28
9678
4826
6832
958
1277
6687
1629
5922
4103
1628
1632
7788
5959
1050
3411
2992
5512
4515
7234
8047
830
933
8533
1117
7643
9637
8487
9766
3214
2292
1060
6649
9026
6844
2544
7102
5900
4170
6965
1542
2253
1072
8197
5550
7628
3147
7629
7938
7661
311
7517
7813
3780
148
8459
3065
1148
1176
8780
6836
9121
9810
9502
9201
1393
3317
2838
9410
8494
9520
1344
7127
366
8103
9357
2996
9471
2044
1035
8284
5166
3822
1947
4065
7644
9220
8531
622
5340
6473
7966
2181
9980
7631
9470
9592
844
9107
8750
1197
7299
3379
7551
4654
8265
7178
6152
3287
6079
8197
9587
5394
3193
5651
2245
1010
1297
8317
7669
8470
6045
2998
2307
9652
1166
4923
8436
758
4450
70
2688
9637
8958
9837
1667
2802
8562
6764
8263
9720
1426
7010
281
2533
6198
3691
7517
2999
8315
7204
6669
496
545
3389
9087
453
7280
7086
7010
6518
2604
5383
6015
6318
1827
3492
2924
1681
9079
4088
6132
8324
7928
9476
9275
8356
3361
7287
4723
6859
4478
2646
8205
3065
3772
5620
8955
580
7726
6034
227
1423
1563
9386
4805
5964
9320
3083
1333
2017
5012
289
3350
9856
7609
2044
7158
6434
7614
7659
8726
5111
88
8383
7362
2968
125
9575
2975
8957
1675
4603
3589
862
6877
3106
4627
1465
60
6381
6386
7279
4533
5753
9405
2880
3708
7012
1426
8742
1715
3755
4788
1873
7554
9145
5587
6579
647
8240
318
8143
5083
7664
5528
1904
3306
1733
2677
378
8641
1137
3615
594
384
5271
4564
3427
8553
1631
7556
1016
5146
5652
9759
1587
7480
1441
2734
4722
7387
2923
319
8573
2472
3566
4148
8801
1211
918
1605
4830
4653
3072
9107
7506
727
6495
1106
7843
7704
9677
6158
9543
2880
2006
897
4564
214
3643
1136
6951
2712
1884
8581
1470
9879
5659
804
8582
7178
9982
4362
3112
5393
8133
7762
4019
2359
7413
4612
4950
5017
5198
6062
8946
8176
1740
3387
7227
9310
1695
6350
7364
7411
3732
4227
4021
3574
8720
5633
2899
8916
960
3056
1149
7204
2748
4797
8821
861
7827
6903
2
1708
6008
819
7878
8741
6298
2365
2273
919
7769
2503
4988
8841
2934
7123
8858
9412
9913
9519
9985
7819
1172
2386
791
7676
591
2160
7093
9166
4150
6235
4936
2279
6271
6429
50
5877
4118
707
9277
8051
4782
8566
5687
5154
798
3448
1621
8525
1898
9744
9718
8558
508
6001
8355
5637
8651
5233
813
9440
5535
5790
4281
1057
5224
967
1103
5950
8291
2479
7211
3427
538
837
2537
8255
3363
8830
7687
1050
731
51
7677
9039
630
8450
3782
5531
9468
6192
6070
160
1046
6729
1258
4206
2691
1341
4111
9236
3689
7711
7847
4144
7209
3853
7822
8060
6581
3595
2431
1617
2114
3634
5641
5147
4175
3223
2702
803
918
2
1724
3252
8644
9025
6988
2152
9399
8629
9796
5223
7053
4518
1695
222
1689
3063
32
7098
4077
9264
1956
6547
7938
9298
5573
2034
218
7015
9552
3022
4608
8915
473
7919
7076
8661
4337
6338
5312
6187
3966
1906
884
3572
2381
4478
2746
4808
3414
9446
6800
8860
3846
6754
9097
4575
3818
1180
7665
2907
8288
1499
4809
6033
9820
8016
9084
9688
8291
5212
2183
6276
2610
4261
9001
1155
7545
2937
2731
8465
6803
4892
7529
7678
4290
1786
8497
9413
5459
5090
4025
8494
3270
4039
9577
1999
1989
9321
4029
9436
1819
8412
5824
7270
7227
576
1090
1140
1411
6323
6400
1634
4894
3678
8840
7166
2069
1923
4237
7574
3805
8099
9638
7861
3612
8928
8265
9310
9729
4588
3908
910
3004
7592
3304
3805
8370
440
3317
2308
6558
7140
3319
2368
1260
8734
6498
7359
1464
8219
6378
8888
7606
6422
463
293
8324
8564
5715
2387
8751
7805
846
5988
8211
333
7653
4383
6834
9168
1233
7719
9912
432
2169
3734
5636
7735
1588
9711
723
1728
8285
6170
8845
6596
5425
3868
5892
467
3035
9805
2560
2054
2547
1393
6506
2211
3561
6739
1911
6390
6698
9041
2580
7217
4843
8002
7916
5209
4338
6254
1497
8112
1647
1404
3103
5409
8673
2219
9375
6244
5944
7541
6939
54
8795
5724
5866
221
4747
3691
5350
3307
3923
1837
1116
1194
313
9850
5280
5050
6553
4834
3136
8983
9007
915
5579
8950
6342
1239
3837
7089
2407
6306
6307
8068
8797
2307
5305
1142
8038
425
8348
1229
575
2421
1735
8206
7260
5176
9797
4106
1496
3381
5012
8107
9536
6977
5382
8235
8385
3968
4288
7555
6834
3049
2826
1016
9814
482
8720
1179
5891
6459
8891
300
7378
7451
7492
5130
7223
4764
1200
6548
3191
6025
3842
572
8080
8571
2892
3562
373
7286
494
8032
9874
7002
290
233
7439
163
7250
5971
8400
4742
5101
4981
238
8836
6061
171
9491
8251
4967
5932
2640
6636
6596
6197
3275
7439
4742
6323
7600
3897
7441
695
1385
7547
3442
869
4756
9529
1554
7099
926
8580
2630
7156
6522
653
9411
4968
4058
9828
8709
7148
8107
1639
6008
327
1857
1777
8236
4430
7714
7330
3497
41
9793
1753
2867
4528
7651
2296
5718
4106
8575
1263
8635
693
4484
4991
1201
6266
993
9379
3675
9995
6197
2850
7729
1667
9638
4331
3743
8263
8844
2422
1505
8575
6300
5005
7730
2694
7309
5386
349
5222
7702
8410
7096
4110
7631
381
9281
9793
6803
4118
1279
8248
2435
6119
2261
436
6335
6000
5009
9663
1146
9728
5167
2689
4020
5698
3344
8449
4137
8733
68
3854
9131
4530
6911
5882
1244
4782
2867
2059
7550
7694
8846
2403
3273
6546
5642
9348
4973
3050
6543
9013
8394
9491
3319
2079
1645
2262
7737
1778
9327
9065
6684
6767
4372
9311
325
2727
9113
2062
8310
3077
8186
98
8858
3998
7532
1529
3859
3541
9731
3517
2468
1922
6854
823
9988
3886
3018
1573
1389
2404
6367
2664
7295
2576
1153
5690
744
7798
2855
7066
9131
5490
6663
2289
1037
1273
265
9681
8107
8673
7426
642
836
9038
9214
2284
6283
7250
3281
6522
6399
4957
8268
2498
811
8303
1109
7021
5586
1315
9301
2479
7160
6311
6661
3297
5895
2395
1935
125
5737
821
7353
5211
1966
3124
1485
9489
6333
5532
607
3566
4609
5034
8608
2402
5976
164
9043
4641
3195
6516
9588
1347
4857
9562
3172
8523
9168
9653
6138
2102
5516
3994
5583
8203
8802
3649
8432
6677
8678
3725
7465
6729
456
4686
799
9265
1396
808
427
4767
2616
2738
7730
862
596
2143
7184
241
4558
3363
3521
323
2577
1173
4843
6783
2836
3889
6897
1818
7779
8331
4621
8016
4006
2432
9093
3177
6597
996
1281
5837
9967
6376
7715
9881
1702
5607
7984
8322
1330
3392
8921
7513
4519
4310
586
715
1904
9687
6248
2582
5470
5772
877
532
8374
769
2165
5519
3683
7818
5372
6409
1748
2298
8622
3078
9902
9094
3628
3331
1945
540
5537
930
6610
1706
1342
7179
3537
2583
4618
6262
1870
4564
7748
7779
7464
6512
8728
85
32
2795
8175
253
8593
3872
1256
6380
1307
2093
383
2054
5237
4758
1102
4843
5077
2771
4696
1282
7710
7782
8931
5934
6956
6845
3484
5795
4287
3222
73
7730
59
218
7381
4957
1199
8491
4470
6671
6807
8944
6320
5676
8830
3992
5449
3981
8260
8542
8223
2990
5895
1303
821
4447
2515
3778
2108
5368
5731
8636
4312
1655
9532
1679
738
4185
7611
7394
4494
2056
5760
1087
9157
4724
8060
964
7206
2196
8902
5963
152
3248
8922
2910
187
4007
6601
1153
2296
7734
8937
8977
6705
2415
5381
9846
4869
9601
4725
9770
9227
4606
5609
5081
6512
8778
6459
7903
2769
5546
5558
1815
928
8113
8830
6734
1390
8144
1201
5748
4709
3371
9854
8581
8519
5156
4990
6288
5791
1779
3807
3177
9384
2994
13
8520
4455
9257
5322
6267
8425
3538
3166
134
7044
204
6273
6044
1399
8585
8347
7547
7856
3715
5721
900
5481
3989
7047
3106
462
3720
7051
7914
4707
8262
5875
4775
5030
2789
1225
765
9480
7541
1209
290
4943
6071
8215
5833
908
2735
765
5028
8503
853
2791
9448
9447
3667
6487
683
9196
7125
9391
904
6210
5012
4481
66
7651
4398
2823
4073
5226
2467
2366
2855
2107
3314
7247
5857
4635
78
492
9250
8509
5813
6553
3371
802
2239
3515
4854
1914
7583
6303
2011
7714
7614
8610
1513
8324
494
2690
8521
1677
9247
3477
6571
825
9274
1919
295
1299
8772
9297
5161
5322
2954
2981
5074
6733
4317
1308
548
898
8546
2351
6734
1752
5534
8900
4625
4385
6014
3048
2859
8482
35
7964
1679
8468
176
7759
233
8621
3279
5112
9163
2468
4651
8018
345
4953
141
3756
1353
3811
2939
5061
3462
4765
6581
5264
8392
5061
1298
5337
6617
6356
2347
123
8478
1531
4305
4233
228
1027
2435
518
5508
3221
9405
9253
2081
8966
4157
4360
2810
8829
7762
3479
9567
24
3987
6786
3466
7289
4323
7681
2027
8306
6558
6791
8546
8464
1371
5354
7331
629
564
7000
1921
8894
5499
9107
7668
3709
8477
8263
8951
6508
1931
9947
4366
676
3834
8636
7168
4643
3337
1696
6934
8141
9873
486
8903
4651
1677
7571
486
7265
1309
9749
6964
6549
1037
6465
3431
3127
6706
3391
3411
7789
9502
8118
1934
2513
2224
8912
2758
6893
746
553
8492
1376
9377
353
159
6585
2819
733
7417
5716
1428
2177
8613
6838
6374
9606
4191
3723
8931
6641
1339
3122
1440
7753
8701
9416
3346
2793
1459
9769
5988
8182
6172
9362
6876
9325
330
5836
9740
7930
7072
3909
3057
7357
5312
3654
151
3909
7180
8792
8857
3981
5650
5447
7980
5856
171
3827
4278
5831
8201
2471
975
8977
9728
117
5354
4286
5520
3505
89
3257
2445
5784
6405
1504
9587
1245
1692
7449
1435
4181
4060
8391
3610
6005
8979
3643
4132
8469
5616
5655
8911
6869
7498
3392
533
5033
8099
6477
4343
7212
2305
2748
3897
6734
2056
5158
8343
8457
5279
8279
2647
9757
3284
354
8788
9135
481
7531
1149
7890
1729
6689
4708
2011
6163
4875
8555
1525
1774
864
8697
7525
663
7960
5510
7645
9361
8926
4622
9461
2784
8127
6319
4319
1220
4832
6443
3416
7701
7409
1598
1100
2861
640
9453
8522
5320
8916
5171
2308
9397
7995
4376
117
5650
3114
6259
8873
8962
8854
289
8644
2440
4087
9439
8358
4890
3500
2858
5658
1314
4985
8069
1091
3384
9021
8232
1359
2061
577
9843
5197
5169
4226
1127
1563
7563
9754
8424
486
9539
5432
5752
2098
1670
9962
8239
208
9581
8945
6594
6955
8026
1663
6984
6113
609
9639
3546
4136
4855
2464
6338
7455
3074
6228
7188
2166
3951
3272
5884
3465
93
4820
8192
328
1339
4682
2031
573
9764
7035
8708
6283
1795
1146
4243
2840
566
3711
6556
9884
6422
1928
3868
5168
8736
4346
3077
9726
3634
9229
1908
9298
9108
3241
3641
2397
2282
5758
7154
6431
3176
4960
9539
1917
9053
8206
9331
7407
5872
4720
9553
5790
8932
6111
4553
8696
2964
1114
7418
9348
4033
329
4720
2009
476
1555
4875
5229
6358
1498
2351
5205
348
7387
9760
4114
9072
6670
1236
5712
4637
758
4158
4044
6382
9320
5413
4079
2681
3859
4269
4855
7549
9830
8327
894
4125
2889
6122
932
5344
4187
9162
4590
7292
4282
5438
704
4741
4910
4765
1615
1842
4636
8353
4272
8053
8917
1119
2140
3630
7691
7338
1516
5241
1173
5992
252
4796
1417
8060
4226
9077
8289
3919
4223
882
6652
7914
1374
4053
2428
8212
3164
6282
6716
1800
3427
8388
4286
8739
9392
5264
6578
4612
866
4599
1423
7632
4354
3673
7639
7316
7725
2595
7970
1216
9320
2189
3483
9093
5741
1316
4885
2361
7557
4567
9211
5835
5136
3361
6923
5275
5714
4286
5195
7319
4513
6302
8567
4746
8291
8681
6996
3408
8650
2932
5837
159
4405
7777
8494
7698
9169
8822
3854
6293
1001
416
2276
9773
8831
124
2643
3159
5485
5055
2727
5841
1593
4832
4349
5142
8267
2237
6760
2886
5313
9336
8202
9472
2456
3836
7137
4660
1369
3502
3564
4414
1480
9820
5936
2339
8632
9590
4089
4833
6994
7869
2726
5683
8069
3678
2813
9564
9782
4403
3204
5408
684
1631
9946
3877
5301
8813
3437
5964
4135
8599
4768
3426
5121
8232
2852
8585
45
2267
3134
4356
1430
935
2649
6250
9274
9112
790
3923
6660
1411
799
4623
2157
3420
3697
197
3217
5904
1998
4156
4466
1050
5996
6796
1931
7183
1187
4144
6686
2784
7585
4866
2980
8458
5138
5881
2672
3312
8591
5984
1660
9099
3150
5867
3363
3081
2119
5927
9017
2670
3323
5896
2598
4674
8828
7449
337
8636
4018
7453
2972
9544
5527
5116
413
8000
6583
8833
7485
8047
84
9386
1680
1647
9143
2025
7464
8820
568
6279
2765
9985
9397
4739
8927
4894
5442
1575
60
3646
1895
1344
2172
6923
8877
4055
4623
8692
4924
8862
9754
7035
8453
3333
7889
8975
1363
9488
675
2344
5850
6369
1782
7479
2627
4183
4831
1459
8859
9555
6148
56
8974
271
853
450
7282
8610
4759
8207
6411
386
6797
9605
9532
177
869
3844
1954
4888
6945
1411
8030
5217
1660
6101
1603
354
7198
4994
7733
440
3985
5113
203
7179
6436
6869
9940
3321
7202
81
4585
7190
3347
4667
7897
5574
6397
5239
4293
2024
7701
8220
1204
8394
7181
6332
3000
4669
6056
4709
3682
7065
7140
9168
2375
6783
5267
3945
4475
6119
9509
4327
3510
6199
8766
3782
7384
1973
676
7903
8576
7128
9935
7118
7240
1382
9088
6237
1386
1935
2335
7559
2558
1947
3241
5
2753
1856
7994
9867
1574
3344
9625
4910
632
1059
3678
6211
60
9788
8597
308
7424
6576
4972
9441
1557
553
8398
612
2069
2246
9319
1050
5472
3008
7210
3857
7931
4702
5076
4609
7094
4231
9381
3745
3901
1763
9676
5056
9158
7347
7232
1019
8309
1471
1306
4814
507
4192
9395
9494
1617
3286
7846
8063
6021
8867
7933
9591
484
995
6351
5271
8732
8173
5536
6015
1208
6248
3586
3959
98
7805
6287
603
8031
5468
6704
4670
1101
8268
5669
2984
5804
8381
1500
7096
3942
5128
3540
5583
7749
990
3253
3647
3702
768
3293
4972
6210
1437
1478
4138
6240
6741
4087
3792
2877
6870
242
8383
7890
9673
2906
6028
6912
8312
5417
4715
3923
1711
3752
260
1605
4575
3923
3008
8666
7034
3621
5726
3780
7129
7205
5982
4006
2544
92
5930
9026
8344
1112
1554
8771
5936
3573
7449
9314
4667
7708
4411
102
5144
4998
641
4771
3411
4866
6195
2857
6132
6517
8576
3120
1587
3429
7831
372
2084
588
8166
1445
4682
9161
7336
849
1395
8508
3270
8796
6485
2108
1860
4047
955
2366
9424
80
901
7558
5060
3085
3345
1753
1285
3294
2805
9403
7343
2696
8557
2817
4932
162
9114
9293
9266
1385
6294
7704
4337
7079
6943
8166
264
6721
6825
8120
9143
7891
94
8972
7429
6533
9750
8750
9413
3
4120
7562
7565
2735
896
6424
1006
8836
6624
5001
8886
6143
8590
6245
6816
1962
7682
2009
8582
1409
3921
3086
5742
7602
1252
3521
3630
6701
3683
4212
1754
3373
9199
5178
4352
543
7609
6120
224
7087
8628
9702
236
510
116
6465
7675
8689
6029
2486
5182
509
6684
1875
6453
4016
4721
6492
4099
5144
8982
4035
6482
8072
523
3356
7073
8827
7793
6890
682
4118
129
7121
748
6817
4645
2863
3660
3688
690
8575
4562
7608
4087
7811
7742
9539
6232
7755
5493
3631
6688
3245
6232
4537
8228
6534
6247
8959
9332
4355
2901
5672
3246
3089
5106
2167
2674
3004
9678
3407
8697
5149
5989
5197
9814
609
2326
2693
3870
4764
1196
9082
8116
3649
362
936
329
6893
2815
3813
152
4905
5941
307
7745
491
9879
3232
7791
5775
4869
2789
9750
546
8556
4080
5001
5604
6211
8457
9182
8011
8984
9059
8308
5951
9000
7577
4531
6024
6381
1877
1469
9328
829
1729
1944
9910
3142
1519
6748
4895
8727
6929
233
7278
8156
3888
6181
6436
5240
981
7082
9489
7009
5454
8153
372
3775
9437
5565
835
9899
3265
6818
2943
1401
8832
1542
4360
1183
974
8335
6415
5192
5028
65
1516
1833
6549
9327
6022
2443
9193
9550
6885
472
7041
3547
4902
98
3780
2430
5307
6371
9019
4919
3810
1576
284
3120
8090
3786
2718
7456
5862
9687
3240
3415
5468
5468
4411
5734
7906
6362
8227
7786
4469
6696
7079
4693
2067
3166
7064
7700
6160
8676
2740
7185
6356
2857
5850
2110
782
750
8410
3354
101
9160
4151
8357
9317
3428
6957
5978
7473
3352
8644
5205
1179
5556
6886
1842
8115
9443
8054
5434
9304
1569
6736
5564
3958
1813
5201
1676
888
4954
785
8346
4200
3392
6388
4121
527
2810
7255
6440
3724
8321
9213
4959
6560
799
7622
727
3750
4587
768
4123
5909
9018
8473
9999
2564
2916
8414
5832
3864
5383
5525
9563
2593
381
8537
1660
70
9406
1362
5141
1900
9899
2315
4170
6006
8704
7982
3615
7389
8645
436
2293
3184
1970
3551
2915
5321
242
4635
9665
1510
1849
3254
6647
8605
8913
2314
3224
1253
8447
8642
53
8717
7735
3010
5321
5228
2283
130
2114
7822
7992
5717
2957
1343
7763
4627
5939
5307
6051
4004
9902
8878
382
9450
7265
7909
3484
9118
2270
